Time,CH1,CH2
-0.032,0.0,0.08
-0.031968,0.0,0.016
-0.031936,0.0,0.048
-0.031904,0.0,0.056
-0.031872,0.0,0.024
-0.03184,0.0,0.04
-0.031808,-0.04,0.04
-0.031776,0.0,0.024
-0.031744,0.0,0.048
-0.031712000000000004,0.0,0.07200000000000001
-0.03168,-0.04,0.032
-0.031648,0.0,0.032
-0.031616,-0.04,0.056
-0.031584,0.0,0.024
-0.031552000000000004,-0.08,0.032
-0.03152,0.0,0.04
-0.031488,0.0,0.032
-0.031456,-0.04,0.048
-0.031424,0.0,0.04
-0.031392,0.0,0.008
-0.03136,0.0,0.048
-0.031328,0.0,0.048
-0.031296,0.0,0.024
-0.031264,-0.04,0.008
-0.031232,-0.04,0.04
-0.031200000000000002,-0.04,0.032
-0.031168,-0.04,0.024
-0.031136,-0.04,0.04
-0.031104,0.0,-0.008
-0.031072000000000002,0.0,0.032
-0.03104,0.0,0.064
-0.031008,-0.04,0.008
-0.030976,0.0,0.0
-0.030944,-0.04,0.064
-0.030912000000000002,0.0,0.032
-0.03088,-0.04,0.024
-0.030848,0.0,0.032
-0.030816,0.0,0.008
-0.030784000000000002,-0.04,0.032
-0.030752,0.0,0.056
-0.03072,-0.04,0.024
-0.030688,0.0,0.008
-0.030656,0.0,0.064
-0.030624000000000002,-0.04,0.032
-0.030592,0.0,0.016
-0.03056,0.0,0.04
-0.030528,-0.04,0.032
-0.030496000000000002,0.0,0.016
-0.030464,0.0,0.04
-0.030432,0.0,0.032
-0.0304,0.0,0.008
-0.030368,0.0,0.08
-0.030336000000000002,0.0,0.04
-0.030304,0.0,0.016
-0.030272,0.0,0.048
-0.03024,0.0,0.064
-0.030208000000000002,0.0,0.024
-0.030176,0.0,0.048
-0.030144,0.0,0.04
-0.030112,0.0,0.04
-0.030080000000000003,0.0,0.07200000000000001
-0.030048000000000002,0.0,0.024
-0.030016,0.0,0.024
-0.029984,-0.04,0.048
-0.029952,0.0,0.07200000000000001
-0.029920000000000002,0.0,0.024
-0.029888,0.0,0.04
-0.029856,0.0,0.048
-0.029824,-0.04,0.008
-0.029792,0.0,0.056
-0.02976,0.0,0.024
-0.029728,-0.04,0.016
-0.029696,0.0,0.064
-0.029664,0.0,0.064
-0.029632000000000002,0.0,0.016
-0.0296,0.0,0.048
-0.029568,0.0,0.056
-0.029536,0.0,0.024
-0.029504000000000002,-0.04,0.032
-0.029472,0.0,0.04
-0.02944,0.0,0.016
-0.029408,0.0,0.04
-0.029376,0.0,0.056
-0.029344000000000002,0.0,0.0
-0.029312,0.0,0.04
-0.02928,0.0,0.032
-0.029248,-0.04,0.016
-0.029216,0.0,0.024
-0.029184,0.0,0.04
-0.029152,0.0,0.016
-0.02912,-0.04,0.048
-0.029088000000000003,-0.04,0.04
-0.029056000000000002,-0.04,-0.016
-0.029024,0.0,0.024
-0.028992,0.04,0.048
-0.02896,0.0,0.008
-0.028928000000000002,0.0,0.0
-0.028896,-0.04,0.056
-0.028864,0.0,0.024
-0.028832,0.0,0.016
-0.0288,0.0,0.04
-0.028768000000000002,0.0,0.008
-0.028736,0.0,0.032
-0.028704,0.0,0.048
-0.028672,0.0,0.024
-0.028640000000000002,0.0,0.0
-0.028608,0.0,0.07200000000000001
-0.028576,-0.04,0.016
-0.028544,0.0,0.016
-0.028512000000000003,0.0,0.032
-0.028480000000000002,0.0,0.032
-0.028448,-0.04,0.032
-0.028416,0.0,0.048
-0.028384,0.0,0.032
-0.028352000000000002,0.0,0.024
-0.02832,0.0,0.064
-0.028288,0.0,0.024
-0.028256,-0.04,0.016
-0.028224,0.0,0.056
-0.028192000000000002,0.0,0.056
-0.02816,0.0,0.024
-0.028128,-0.04,0.048
-0.028096,0.0,0.016
-0.028064000000000002,0.0,0.032
-0.028032,0.0,0.064
-0.028,0.04,0.016
-0.027968,0.0,0.008
-0.027936000000000002,0.0,0.056
-0.027904,0.0,0.07200000000000001
-0.027872,0.0,0.024
-0.02784,0.0,0.048
-0.027808,0.0,0.048
-0.027776000000000002,-0.04,0.032
-0.027744,0.0,0.08
-0.027712,0.0,0.024
-0.02768,0.0,0.024
-0.027648,0.0,0.064
-0.027616,0.0,0.07200000000000001
-0.027584,0.0,0.016
-0.027552,-0.08,0.04
-0.027520000000000003,-0.04,0.04
-0.027488000000000002,-0.04,0.032
-0.027456,0.0,0.032
-0.027424,0.0,0.032
-0.027392,0.0,0.016
-0.027360000000000002,0.0,0.048
-0.027328,0.0,0.056
-0.027296,-0.04,-0.016
-0.027264,0.0,0.048
-0.027232,0.0,0.056
-0.027200000000000002,0.0,0.0
-0.027168,0.0,0.008
-0.027136,-0.04,0.04
-0.027104,-0.04,0.032
-0.027072,-0.04,0.024
-0.02704,-0.04,0.032
-0.027008,-0.04,-0.008
-0.026976,0.0,0.032
-0.026944000000000003,-0.04,0.056
-0.026912000000000002,0.0,0.008
-0.02688,0.0,-0.008
-0.026848,0.0,0.056
-0.026816,0.0,0.032
-0.026784000000000002,-0.04,0.016
-0.026752,0.0,0.04
-0.02672,0.0,0.032
-0.026688,-0.04,0.04
-0.026656,0.0,0.056
-0.026624000000000002,-0.04,0.016
-0.026592,0.0,-0.016
-0.02656,0.0,0.064
-0.026528000000000003,0.0,0.024
-0.026496000000000002,0.0,0.016
-0.026464,-0.04,0.04
-0.026432,0.0,0.024
-0.0264,0.0,0.024
-0.026368000000000003,0.0,0.032
-0.026336000000000002,0.0,0.024
-0.026304,0.0,0.024
-0.026272,0.0,0.07200000000000001
-0.02624,-0.04,0.032
-0.026208000000000002,0.0,0.016
-0.026176,0.0,0.04
-0.026144,0.0,0.056
-0.026112,0.0,0.016
-0.02608,0.0,0.048
-0.026048,-0.04,0.04
-0.026016,0.0,0.04
-0.025984,0.0,0.08
-0.025952000000000003,0.0,0.032
-0.025920000000000002,0.0,0.016
-0.025888,0.0,0.048
-0.025856,0.0,0.08
-0.025824,0.0,0.032
-0.025792000000000002,0.0,0.04
-0.02576,0.0,0.032
-0.025728,-0.04,0.032
-0.025696,-0.04,0.048
-0.025664,0.0,0.04
-0.025632000000000002,0.0,0.024
-0.0256,0.0,0.064
-0.025568,0.0,0.07200000000000001
-0.025536,0.0,0.016
-0.025504,0.0,0.048
-0.025472,-0.04,0.04
-0.02544,-0.04,0.024
-0.025408,-0.04,0.032
-0.025376000000000003,-0.04,0.032
-0.025344000000000002,-0.04,0.024
-0.025312,0.0,0.048
-0.02528,-0.04,0.056
-0.025248,0.0,0.008
-0.025216000000000002,0.0,0.032
-0.025184,-0.04,0.048
-0.025152,-0.04,0.016
-0.02512,0.0,0.016
-0.025088,0.0,0.048
-0.025056000000000002,-0.04,0.024
-0.025024,0.0,0.032
-0.024992,0.0,0.04
-0.024960000000000003,0.0,0.016
-0.024928000000000002,0.0,0.048
-0.024896,0.0,0.048
-0.024864,-0.04,0.016
-0.024832,0.0,-0.008
-0.024800000000000003,0.0,0.056
-0.024768000000000002,0.0,0.04
-0.024736,0.0,0.024
-0.024704,0.0,0.032
-0.024672,-0.04,0.0
-0.024640000000000002,-0.04,0.048
-0.024608,0.0,0.04
-0.024576,0.0,0.024
-0.024544,0.0,0.008
-0.024512,0.0,0.056
-0.024480000000000002,-0.04,0.032
-0.024448,0.0,0.024
-0.024416,-0.04,0.032
-0.024384000000000003,0.0,0.024
-0.024352000000000002,-0.04,0.016
-0.02432,0.0,0.024
-0.024288,0.0,0.008
-0.024256,-0.04,0.024
-0.024224000000000002,0.0,0.064
-0.024192,-0.04,0.04
-0.02416,0.0,0.016
-0.024128000000000004,-0.04,0.048
-0.024096,0.0,0.048
-0.024064000000000002,-0.04,0.008
-0.024032,0.0,0.048
-0.024,0.0,0.024
-0.023968000000000003,-0.04,0.024
-0.023936,0.0,0.07200000000000001
-0.023904,0.0,0.024
-0.023872,0.0,0.016
-0.02384,0.0,0.064
-0.023808000000000003,0.0,0.08
-0.023776,-0.04,0.008
-0.023744,-0.04,0.04
-0.023712,-0.04,0.056
-0.02368,0.0,0.032
-0.023648000000000002,0.0,0.056
-0.023616,0.0,0.032
-0.023584,0.0,0.016
-0.023552000000000003,0.0,0.056
-0.02352,-0.04,0.07200000000000001
-0.023488000000000002,0.0,0.0
-0.023456,0.0,0.04
-0.023424,0.0,0.04
-0.023392000000000003,0.0,0.024
-0.02336,-0.04,0.008
-0.023328,0.0,0.04
-0.023296,0.0,0.016
-0.023264,0.0,0.04
-0.023232000000000003,0.0,0.048
-0.023200000000000002,0.0,0.016
-0.023168,0.0,0.032
-0.023136,0.0,0.056
-0.023104,0.0,0.016
-0.023072000000000002,-0.04,0.008
-0.02304,-0.04,0.048
-0.023008,0.0,0.032
-0.022976000000000003,0.0,0.04
-0.022944,-0.04,0.04
-0.022912000000000002,-0.04,0.0
-0.02288,0.0,0.024
-0.022848,0.0,0.048
-0.022816000000000003,-0.04,0.032
-0.022784,-0.08,-0.016
-0.022752,0.0,0.048
-0.02272,0.0,0.032
-0.022688,0.0,0.04
-0.022656000000000003,-0.04,0.032
-0.022624000000000002,-0.04,0.0
-0.022592,0.0,0.04
-0.022560000000000004,0.0,0.032
-0.022528,0.0,0.016
-0.022496000000000002,0.0,0.008
-0.022464,0.0,0.048
-0.022432,0.0,0.024
-0.022400000000000003,-0.04,0.016
-0.022368,0.0,0.032
-0.022336,0.0,0.008
-0.022304,-0.04,0.016
-0.022272,0.0,0.048
-0.022240000000000003,0.0,0.008
-0.022208,0.0,0.04
-0.022176,-0.04,0.064
-0.022144,0.0,0.016
-0.022112,0.0,0.016
-0.022080000000000002,0.0,0.04
-0.022048,0.0,0.056
-0.022016,0.0,0.016
-0.021984000000000004,0.0,0.04
-0.021952,0.0,0.032
-0.021920000000000002,0.0,0.024
-0.021888,0.0,0.07200000000000001
-0.021856,-0.04,0.016
-0.021824000000000003,0.0,0.016
-0.021792,0.0,0.056
-0.02176,0.0,0.064
-0.021728,0.0,0.016
-0.021696,0.0,0.04
-0.021664000000000003,-0.04,0.048
-0.021632000000000002,0.0,0.032
-0.0216,0.0,0.048
-0.021568,0.0,0.032
-0.021536,0.0,0.008
-0.021504000000000002,0.0,0.056
-0.021472,-0.04,0.064
-0.02144,0.0,0.008
-0.021408000000000003,0.0,0.04
-0.021376,0.0,0.048
-0.021344000000000002,0.0,0.024
-0.021312,-0.04,0.032
-0.02128,-0.04,0.032
-0.021248000000000003,-0.04,0.016
-0.021216,-0.04,0.04
-0.021184,0.0,0.064
-0.021152,0.0,0.0
-0.02112,-0.04,0.04
-0.021088000000000003,0.0,0.048
-0.021056000000000002,0.0,0.008
-0.021024,0.0,0.016
-0.020992000000000004,0.0,0.04
-0.02096,0.0,0.032
-0.020928000000000002,-0.04,0.04
-0.020896,-0.04,0.032
-0.020864,0.0,-0.008
-0.020832000000000003,-0.04,0.04
-0.0208,0.0,0.032
-0.020768000000000002,0.0,0.024
-0.020736,-0.04,0.0
-0.020704,0.0,0.056
-0.020672000000000003,0.0,0.032
-0.02064,0.0,0.016
-0.020608,0.0,0.024
-0.020576,0.0,0.016
-0.020544,0.0,0.032
-0.020512000000000002,-0.04,0.04
-0.02048,-0.04,-0.008
-0.020448,0.0,0.008
-0.020416000000000004,0.0,0.048
-0.020384,-0.04,0.024
-0.020352000000000002,0.0,0.008
-0.02032,0.0,0.032
-0.020288,0.0,0.008
-0.020256000000000003,0.0,0.016
-0.020224,0.0,0.032
-0.020192,0.0,0.024
-0.02016,0.0,0.016
-0.020128,0.0,0.07200000000000001
-0.020096000000000003,0.0,0.024
-0.020064000000000002,0.0,0.008
-0.020032,0.0,0.056
-0.02,0.0,0.04
-0.019968,-0.04,0.024
-0.019936000000000002,-0.04,0.048
-0.019904,-0.04,0.04
-0.019872,0.0,0.024
-0.019840000000000003,0.0,0.056
-0.019808,0.0,0.024
-0.019776000000000002,0.04,0.016
-0.019744,0.0,0.056
-0.019712,0.0,0.064
-0.019680000000000003,0.0,0.0
-0.019648,0.0,0.048
-0.019616,0.0,0.04
-0.019584,0.0,0.032
-0.019552,-0.04,0.04
-0.019520000000000003,0.0,0.04
-0.019488000000000002,0.0,0.016
-0.019456,0.0,0.048
-0.019424000000000004,-0.04,0.064
-0.019392,0.0,0.008
-0.019360000000000002,0.0,0.04
-0.019328,0.0,0.048
-0.019296,0.0,0.024
-0.019264000000000003,0.0,0.032
-0.019232,-0.04,0.032
-0.019200000000000002,0.0,0.024
-0.019168,0.0,0.056
-0.019136,-0.04,0.056
-0.019104000000000003,0.0,0.008
-0.019072,0.0,0.04
-0.01904,0.0,0.056
-0.019008,-0.04,0.032
-0.018976,-0.04,0.016
-0.018944000000000003,0.0,0.04
-0.018912,0.0,0.016
-0.01888,0.0,0.04
-0.018848000000000004,-0.04,0.04
-0.018816,0.0,0.0
-0.018784000000000002,0.0,0.048
-0.018752,0.0,0.048
-0.01872,-0.04,0.008
-0.018688000000000003,0.0,0.008
-0.018656,0.0,0.04
-0.018624,-0.04,0.032
-0.018592,-0.04,0.024
-0.01856,-0.04,0.024
-0.018528000000000003,0.0,-0.008
-0.018496000000000002,0.0,0.032
-0.018464,0.0,0.048
-0.018432,0.0,0.0
-0.0184,0.0,0.008
-0.018368000000000002,0.0,0.048
-0.018336,0.0,0.024
-0.018304,-0.04,0.008
-0.018272000000000004,-0.04,0.048
-0.01824,-0.04,0.024
-0.018208000000000002,0.0,0.024
-0.018176,-0.04,0.056
-0.018144,-0.04,0.016
-0.018112000000000003,0.0,0.008
-0.01808,0.0,0.064
-0.018048,-0.04,0.024
-0.018016,0.0,0.008
-0.017984,0.0,0.048
-0.017952000000000003,-0.04,0.04
-0.017920000000000002,0.0,0.016
-0.017888,0.0,0.048
-0.017856000000000004,0.0,0.032
-0.017824,0.0,0.016
-0.017792000000000002,-0.04,0.07200000000000001
-0.01776,-0.04,0.016
-0.017728,0.0,0.008
-0.017696000000000003,0.0,0.048
-0.017664,0.0,0.064
-0.017632000000000002,0.0,0.016
-0.0176,0.0,0.048
-0.017568,0.0,0.04
-0.017536000000000003,0.0,0.016
-0.017504,-0.04,0.064
-0.017472,-0.04,0.04
-0.01744,0.0,0.016
-0.017408,0.0,0.056
-0.017376000000000003,0.0,0.07200000000000001
-0.017344000000000002,-0.04,0.016
-0.017312,0.0,0.024
-0.017280000000000004,0.0,0.048
-0.017248,-0.04,0.016
-0.017216000000000002,0.0,0.04
-0.017184,-0.04,0.04
-0.017152,0.0,0.024
-0.017120000000000003,0.0,0.048
-0.017088,-0.04,0.056
-0.017056,-0.04,0.008
-0.017024,0.0,0.04
-0.016992,-0.04,0.048
-0.016960000000000003,0.0,0.024
-0.016928000000000002,0.0,0.032
-0.016896,-0.04,0.048
-0.016864,-0.04,0.024
-0.016832,0.0,0.032
-0.016800000000000002,0.0,0.04
-0.016768,-0.04,0.0
-0.016736,-0.04,0.032
-0.016704000000000004,0.0,0.048
-0.016672,-0.04,0.016
-0.016640000000000002,-0.04,-0.016
-0.016608,0.0,0.056
-0.016576,-0.04,0.024
-0.016544000000000003,0.0,0.024
-0.016512,-0.04,0.04
-0.01648,0.0,0.016
-0.016448,0.0,0.04
-0.016416,-0.04,0.032
-0.016384000000000003,0.0,0.016
-0.016352000000000002,0.0,0.0
-0.01632,-0.04,0.056
-0.016288,0.0,0.032
-0.016256000000000003,0.0,0.024
-0.016224000000000002,-0.04,0.032
-0.016192,-0.04,0.024
-0.01616,0.0,0.032
-0.016128,0.0,0.048
-0.016096000000000003,0.0,0.032
-0.016064000000000002,0.0,0.016
-0.016032,-0.04,0.07200000000000001
-0.016,0.0,0.032
-0.015968000000000003,0.0,0.024
-0.015936000000000002,0.0,0.048
-0.015904,0.0,0.032
-0.015872,-0.04,0.024
-0.01584,-0.04,0.056
-0.015808000000000003,-0.04,0.024
-0.015776000000000002,0.0,0.016
-0.015744,-0.04,0.07200000000000001
-0.015712,-0.04,0.04
-0.015680000000000003,-0.04,0.016
-0.015648000000000002,0.0,0.048
-0.015616000000000001,0.0,0.064
-0.015584,0.0,0.016
-0.015552,-0.04,0.032
-0.015520000000000003,0.0,0.032
-0.015488000000000002,0.0,0.016
-0.015456000000000001,-0.04,0.056
-0.015424,-0.04,0.032
-0.015392000000000003,0.0,0.024
-0.015360000000000002,0.0,0.064
-0.015328000000000001,0.0,0.07200000000000001
-0.015296,0.0,0.016
-0.015264,0.0,0.032
-0.015232000000000002,-0.04,0.048
-0.015200000000000002,0.0,0.04
-0.015168000000000001,0.0,0.07200000000000001
-0.015136,-0.04,0.024
-0.015104000000000003,-0.04,0.024
-0.015072000000000002,0.0,0.064
-0.015040000000000001,0.0,0.07200000000000001
-0.015008,0.0,0.0
-0.014976,0.0,0.032
-0.014944000000000002,0.0,0.056
-0.014912000000000002,0.0,0.016
-0.01488,0.0,0.016
-0.014848,0.0,0.032
-0.014816000000000003,0.0,0.024
-0.014784000000000002,0.0,0.048
-0.014752000000000001,-0.04,0.048
-0.01472,0.0,0.0
-0.014688000000000003,0.0,0.024
-0.014656000000000002,0.0,0.04
-0.014624000000000002,-0.04,0.008
-0.014592,0.0,-0.008
-0.01456,0.0,0.04
-0.014528000000000003,0.0,0.016
-0.014496000000000002,0.0,0.024
-0.014464000000000001,-0.04,0.032
-0.014432,0.0,0.008
-0.014400000000000003,0.0,0.04
-0.014368000000000002,0.0,0.048
-0.014336000000000002,-0.04,0.016
-0.014304,-0.04,0.0
-0.014272,0.0,0.064
-0.014240000000000003,0.0,0.024
-0.014208000000000002,-0.04,0.016
-0.014176000000000001,-0.04,0.048
-0.014144,-0.04,0.016
-0.014112000000000003,-0.04,0.024
-0.014080000000000002,0.0,0.048
-0.014048000000000001,0.0,0.024
-0.014016,0.0,-0.008
-0.013984,0.0,0.064
-0.013952000000000003,-0.04,0.04
-0.013920000000000002,0.0,0.008
-0.013888000000000001,-0.04,0.032
-0.013856,0.0,0.032
-0.013824000000000003,0.0,0.016
-0.013792000000000002,0.0,0.048
-0.013760000000000001,0.0,0.008
-0.013728,-0.04,0.024
-0.013696,0.0,0.07200000000000001
-0.013664000000000003,0.0,0.024
-0.013632000000000002,-0.04,0.016
-0.013600000000000001,-0.04,0.04
-0.013568,0.0,0.056
-0.013536000000000003,0.0,0.008
-0.013504000000000002,0.0,0.032
-0.013472000000000001,-0.04,0.032
-0.01344,0.0,0.032
-0.013408,0.0,0.064
-0.013376000000000002,0.0,0.032
-0.013344000000000002,0.0,0.016
-0.013312000000000001,0.0,0.048
-0.01328,0.0,0.07200000000000001
-0.013248000000000003,-0.04,0.016
-0.013216000000000002,0.0,0.04
-0.013184000000000001,0.0,0.04
-0.013152,0.0,0.032
-0.013120000000000003,0.0,0.048
-0.013088000000000002,0.0,0.032
-0.013056000000000002,0.0,0.024
-0.013024,0.0,0.04
-0.012992,-0.04,0.064
-0.012960000000000003,0.0,0.024
-0.012928000000000002,-0.04,0.048
-0.012896000000000001,0.0,0.048
-0.012864,0.0,0.016
-0.012832000000000003,0.0,0.016
-0.012800000000000002,0.0,0.032
-0.012768000000000002,0.0,0.016
-0.012736,0.0,0.048
-0.012704,0.0,0.048
-0.012672000000000003,0.0,0.0
-0.012640000000000002,0.0,0.024
-0.012608000000000001,0.0,0.056
-0.012576,-0.04,0.016
-0.012544000000000003,0.0,-0.008
-0.012512000000000002,0.0,0.048
-0.012480000000000002,-0.04,0.024
-0.012448,0.0,0.032
-0.012416,0.0,0.04
-0.012384000000000003,-0.04,0.0
-0.012352000000000002,-0.04,0.032
-0.012320000000000001,0.0,0.064
-0.012288,-0.04,0.016
-0.012256000000000003,0.0,0.0
-0.012224000000000002,-0.04,0.024
-0.012192000000000001,-0.04,0.016
-0.01216,0.0,0.016
-0.012128,-0.04,0.024
-0.012096000000000003,0.0,0.008
-0.012064000000000002,0.0,0.04
-0.012032000000000001,0.0,0.04
-0.012,0.0,0.016
-0.011968000000000003,0.0,0.024
-0.011936000000000002,0.0,0.056
-0.011904000000000001,0.0,0.024
-0.011872,0.0,0.008
-0.011840000000000003,0.0,0.032
-0.011808000000000003,-0.04,0.024
-0.011776000000000002,0.0,0.024
-0.011744000000000001,-0.04,0.04
-0.011712,0.0,0.024
-0.011680000000000003,0.0,0.024
-0.011648000000000002,0.0,0.064
-0.011616000000000001,-0.04,0.024
-0.011584,0.0,0.016
-0.011552000000000003,0.0,0.056
-0.011520000000000002,0.0,0.056
-0.011488000000000002,-0.04,0.024
-0.011456000000000001,0.0,0.04
-0.011424,0.0,0.032
-0.011392000000000003,-0.04,0.032
-0.011360000000000002,0.0,0.07200000000000001
-0.011328000000000001,-0.04,0.032
-0.011296,0.0,0.016
-0.011264000000000003,-0.08,0.056
-0.011232000000000002,0.0,0.07200000000000001
-0.011200000000000002,-0.04,0.016
-0.011168,0.0,0.032
-0.011136,0.0,0.04
-0.011104000000000003,-0.08,0.016
-0.011072000000000002,-0.04,0.048
-0.011040000000000001,-0.04,0.024
-0.011008,0.0,0.024
-0.010976000000000003,0.0,0.064
-0.010944000000000002,-0.04,0.07200000000000001
-0.010912000000000002,0.0,0.0
-0.01088,0.0,0.04
-0.010848,0.0,0.048
-0.010816000000000003,-0.04,0.008
-0.010784000000000002,-0.04,0.016
-0.010752000000000001,0.0,0.04
-0.01072,-0.04,0.024
-0.010688000000000003,0.0,0.04
-0.010656000000000002,-0.04,0.056
-0.010624000000000001,0.0,0.0
-0.010592,0.0,0.024
-0.01056,-0.04,0.056
-0.010528000000000003,-0.04,0.016
-0.010496000000000002,0.0,0.008
-0.010464000000000001,-0.04,0.056
-0.010432,0.0,0.032
-0.010400000000000003,0.0,0.024
-0.010368000000000002,0.0,0.024
-0.010336000000000001,-0.04,0.016
-0.010304,-0.04,0.032
-0.010272000000000003,0.0,0.04
-0.010240000000000003,0.0,0.016
-0.010208000000000002,-0.04,-0.024
-0.010176000000000001,0.0,0.056
-0.010144,0.0,0.032
-0.010112000000000003,-0.04,0.016
-0.010080000000000002,-0.04,0.024
-0.010048000000000001,-0.04,0.008
-0.010016,0.0,0.032
-0.009984000000000003,0.0,0.032
-0.009952000000000003,-0.04,0.016
-0.009920000000000002,0.0,0.008
-0.009888000000000001,0.0,0.064
-0.009856,0.0,0.016
-0.009824000000000003,0.0,0.008
-0.009792000000000002,0.0,0.032
-0.009760000000000001,0.0,0.016
-0.009728,0.0,0.016
-0.009696000000000003,0.0,0.056
-0.009664000000000002,0.0,0.016
-0.009632000000000002,0.0,0.04
-0.009600000000000001,0.0,0.064
-0.009568,0.0,0.024
-0.009536000000000003,0.0,0.008
-0.009504000000000002,0.0,0.048
-0.009472000000000001,0.0,0.04
-0.00944,0.0,0.008
-0.009408000000000003,-0.04,0.04
-0.009376000000000002,0.0,0.032
-0.009344000000000002,0.0,0.032
-0.009312,0.0,0.064
-0.00928,0.0,0.024
-0.009248000000000003,-0.04,0.016
-0.009216000000000002,0.0,0.056
-0.009184000000000001,0.0,0.064
-0.009152,-0.04,0.016
-0.009120000000000003,0.0,0.032
-0.009088000000000002,0.0,0.04
-0.009056000000000002,0.0,0.032
-0.009024,0.0,0.056
-0.008992,0.0,0.024
-0.008960000000000003,0.0,0.008
-0.008928000000000002,-0.04,0.048
-0.008896000000000001,0.0,0.07200000000000001
-0.008864,0.0,0.008
-0.008832000000000003,0.0,0.032
-0.008800000000000002,0.0,0.04
-0.008768000000000001,0.0,0.032
-0.008736,0.0,0.024
-0.008704000000000003,0.0,0.032
-0.008672000000000003,0.0,0.024
-0.008640000000000002,0.0,0.04
-0.008608000000000001,0.0,0.056
-0.008576,0.0,0.0
-0.008544000000000003,0.0,0.032
-0.008512000000000002,0.0,0.048
-0.008480000000000001,-0.04,0.016
-0.008448,-0.04,0.0
-0.008416000000000003,0.0,0.048
-0.008384000000000003,0.0,0.04
-0.008352000000000002,-0.04,0.008
-0.008320000000000001,0.0,0.024
-0.008288,0.0,-0.008
-0.008256000000000003,0.0,0.032
-0.008224000000000002,0.0,0.048
-0.008192000000000001,0.0,0.008
-0.00816,0.0,-0.008
-0.008128000000000003,-0.04,0.048
-0.008096000000000003,0.0,0.024
-0.008064000000000002,-0.04,0.016
-0.008032000000000001,0.0,0.032
-0.008,0.0,0.008
-0.007968000000000003,0.0,0.024
-0.007936000000000002,0.0,0.04
-0.007904000000000001,-0.04,0.016
-0.007872,0.0,-0.008
-0.007840000000000003,0.0,0.064
-0.0078080000000000024,0.0,0.008
-0.007776000000000002,0.0,0.016
-0.007744000000000001,0.0,0.032
-0.007712,0.04,0.016
-0.007680000000000003,0.0,0.016
-0.007648000000000002,-0.04,0.048
-0.007616000000000001,-0.04,0.016
-0.0075840000000000005,0.0,0.008
-0.007552000000000003,0.0,0.07200000000000001
-0.007520000000000002,0.0,0.024
-0.007488000000000002,0.0,0.008
-0.007456000000000001,0.0,0.056
-0.007424,-0.04,0.048
-0.007392000000000003,0.0,0.008
-0.007360000000000002,0.0,0.032
-0.007328000000000001,0.0,0.04
-0.007296,-0.04,0.024
-0.007264000000000003,0.0,0.088
-0.007232000000000002,0.0,0.032
-0.0072000000000000015,0.0,0.016
-0.007168000000000001,0.0,0.056
-0.0071360000000000035,0.0,0.07200000000000001
-0.007104000000000003,0.0,0.016
-0.007072000000000002,0.0,0.032
-0.007040000000000001,0.0,0.032
-0.007008,-0.04,0.024
-0.006976000000000003,-0.04,0.032
-0.006944000000000002,0.0,0.024
-0.0069120000000000015,0.0,0.008
-0.006880000000000001,0.0,0.04
-0.006848000000000003,-0.04,0.064
-0.006816000000000003,0.0,0.008
-0.006784000000000002,0.0,0.04
-0.006752000000000001,0.0,0.048
-0.00672,-0.04,0.024
-0.006688000000000003,0.0,0.024
-0.006656000000000002,-0.04,0.04
-0.006624000000000001,-0.04,0.024
-0.006592000000000001,-0.04,0.048
-0.006560000000000003,-0.04,0.048
-0.0065280000000000026,-0.04,0.008
-0.006496000000000002,-0.04,0.04
-0.006464000000000001,-0.04,0.048
-0.006432,0.0,0.024
-0.006400000000000003,-0.04,0.008
-0.006368000000000002,0.0,0.032
-0.006336000000000001,-0.04,0.016
-0.006304000000000001,-0.04,0.04
-0.006272000000000003,-0.04,0.04
-0.0062400000000000025,0.0,-0.008
-0.006208000000000002,0.0,0.024
-0.006176000000000001,0.0,0.032
-0.006144,-0.04,0.016
-0.006112000000000003,-0.04,0.0
-0.006080000000000002,0.0,0.048
-0.006048000000000001,0.0,0.016
-0.0060160000000000005,0.0,0.032
-0.005984000000000003,0.0,0.024
-0.005952000000000002,0.0,-0.008
-0.005920000000000002,0.0,0.024
-0.005888000000000001,-0.04,0.048
-0.0058560000000000036,-0.04,0.008
-0.005824000000000003,0.0,0.024
-0.005792000000000002,0.0,0.056
-0.005760000000000001,0.0,0.032
-0.0057280000000000005,-0.04,0.008
-0.005696000000000003,0.0,0.032
-0.005664000000000002,0.0,0.024
-0.005632000000000002,0.0,0.016
-0.005600000000000001,0.0,0.032
-0.0055680000000000035,0.0,0.016
-0.005536000000000003,-0.04,0.016
-0.005504000000000002,0.0,0.07200000000000001
-0.005472000000000001,0.0,0.032
-0.00544,0.0,0.008
-0.005408000000000003,0.0,0.056
-0.005376000000000002,0.0,0.048
-0.0053440000000000015,0.0,0.016
-0.005312000000000001,-0.04,0.048
-0.0052800000000000034,0.0,0.032
-0.005248000000000003,0.0,0.016
-0.005216000000000002,-0.04,0.08
-0.005184000000000001,-0.04,0.024
-0.005152,-0.04,0.008
-0.005120000000000003,0.0,0.056
-0.005088000000000002,0.0,0.064
-0.0050560000000000015,0.0,0.008
-0.005024000000000001,0.0,0.04
-0.004992000000000003,0.0,0.048
-0.004960000000000003,0.0,0.032
-0.004928000000000002,-0.04,0.07200000000000001
-0.004896000000000001,0.0,0.032
-0.004864,0.0,0.024
-0.004832000000000003,0.0,0.048
-0.004800000000000002,-0.04,0.07200000000000001
-0.004768000000000001,0.0,0.008
-0.004736000000000001,0.0,0.032
-0.004704000000000003,0.0,0.048
-0.0046720000000000025,0.0,0.016
-0.004640000000000002,0.0,0.032
-0.004608000000000001,0.0,0.048
-0.004576,-0.04,0.024
-0.004544000000000003,0.0,0.048
-0.004512000000000002,-0.04,0.048
-0.004480000000000001,0.0,0.0
-0.0044480000000000006,0.0,0.04
-0.004416000000000003,-0.04,0.032
-0.0043840000000000025,0.0,0.024
-0.004352000000000002,0.0,0.016
-0.004320000000000001,0.0,0.032
-0.004288000000000004,0.0,0.016
-0.004256000000000003,-0.04,0.032
-0.004224000000000002,0.0,0.032
-0.004192000000000001,0.0,0.0
-0.0041600000000000005,0.0,0.032
-0.004128000000000003,0.0,0.048
-0.004096000000000002,-0.04,0.0
-0.004064000000000002,0.0,-0.008
-0.004032000000000001,-0.04,0.048
-0.0040000000000000036,-0.04,0.032
-0.003968000000000003,0.0,0.024
-0.003936000000000002,-0.04,0.032
-0.0039040000000000012,0.0,0.0
-0.0038720000000000004,0.0,0.032
-0.003840000000000003,0.0,0.04
-0.0038080000000000024,0.0,0.008
-0.0037760000000000016,0.04,-0.008
-0.003744000000000001,0.0,0.064
-0.0037120000000000035,0.0,0.032
-0.0036800000000000027,0.0,0.008
-0.003648000000000002,0.0,0.04
-0.003616000000000001,-0.04,0.024
-0.0035840000000000004,0.0,0.016
-0.003552000000000003,0.0,0.04
-0.0035200000000000023,0.0,0.056
-0.0034880000000000015,0.0,0.016
-0.0034560000000000007,0.0,0.07200000000000001
-0.0034240000000000034,0.0,0.032
-0.0033920000000000027,0.0,0.016
-0.003360000000000002,0.0,0.04
-0.003328000000000001,-0.04,0.056
-0.0032960000000000003,-0.04,0.024
-0.003264000000000003,-0.04,0.04
-0.0032320000000000022,0.0,0.016
-0.0032000000000000015,0.0,0.008
-0.0031680000000000007,-0.04,0.056
-0.0031360000000000034,0.0,0.024
-0.0031040000000000026,-0.04,0.024
-0.003072000000000002,0.0,0.04
-0.003040000000000001,0.0,0.064
-0.0030080000000000003,0.0,0.008
-0.002976000000000003,0.0,0.04
-0.002944000000000002,0.0,0.04
-0.0029120000000000014,0.0,0.024
-0.0028800000000000006,0.0,0.048
-0.0028480000000000033,0.0,0.032
-0.0028160000000000025,0.0,0.008
-0.0027840000000000018,-0.04,0.048
-0.002752000000000001,0.0,0.08
-0.0027200000000000037,0.0,0.0
-0.002688000000000003,0.0,0.032
-0.002656000000000002,0.0,0.04
-0.0026240000000000013,-0.04,0.04
-0.0025920000000000006,0.0,0.056
-0.0025600000000000032,0.0,0.032
-0.0025280000000000025,-0.04,0.024
-0.0024960000000000017,0.0,0.048
-0.002464000000000001,-0.04,0.048
-0.0024320000000000036,-0.04,-0.008
-0.002400000000000003,0.0,0.032
-0.002368000000000002,0.0,0.032
-0.0023360000000000013,0.0,0.016
-0.0023040000000000005,0.0,-0.008
-0.002272000000000003,0.0,0.048
-0.0022400000000000024,0.0,0.008
-0.0022080000000000016,-0.04,0.032
-0.002176000000000001,-0.04,0.04
-0.0021440000000000035,0.0,-0.024
-0.0021120000000000028,-0.04,0.024
-0.002080000000000002,0.0,0.04
-0.002048000000000001,-0.04,0.0
-0.0020160000000000004,0.0,-0.008
-0.001984000000000003,-0.04,0.032
-0.0019520000000000023,-0.04,0.032
-0.0019200000000000016,0.0,0.016
-0.0018880000000000008,0.0,0.024
-0.0018560000000000035,0.04,-0.024
-0.0018240000000000027,0.0,0.04
-0.001792000000000002,0.0,0.056
-0.0017600000000000011,0.0,0.0
-0.0017280000000000004,0.0,0.0
-0.001696000000000003,0.0,0.056
-0.0016640000000000023,0.0,0.032
-0.0016320000000000015,0.0,0.008
-0.0016000000000000007,0.0,0.032
-0.0015680000000000034,0.04,0.016
-0.0015360000000000026,0.0,0.016
-0.0015040000000000019,0.0,0.04
-0.001472000000000001,0.0,0.016
-0.0014400000000000038,0.0,-0.016
-0.001408000000000003,0.0,0.064
-0.0013760000000000022,-0.04,0.024
-0.0013440000000000014,0.0,0.016
-0.0013120000000000007,0.0,0.048
-0.0012800000000000034,0.0,0.032
-0.0012480000000000026,0.0,0.0
-0.0012160000000000018,-0.04,0.024
-0.001184000000000001,-0.04,0.024
-0.0011520000000000037,0.0,0.016
-0.001120000000000003,0.0,0.064
-0.0010880000000000022,0.0,0.016
-0.0010560000000000014,0.0,0.024
-0.0010240000000000006,0.0,0.032
-0.0009920000000000033,0.04,0.07200000000000001
-0.0009600000000000025,0.0,0.008
-0.0009280000000000017,-0.04,0.032
-0.000896000000000001,0.0,0.024
-0.0008640000000000037,-0.04,0.032
-0.0008320000000000029,0.0,0.064
-0.0008000000000000021,0.0,0.024
-0.0007680000000000013,0.0,0.016
-0.0007360000000000005,0.0,0.048
-0.0007040000000000032,0.0,0.07200000000000001
-0.000671999999999999,0.0,0.0
-0.0006400000000000017,0.0,0.032
-0.0006080000000000044,0.0,0.048
-0.0005760000000000001,-0.04,0.024
-0.0005440000000000028,-0.04,0.04
-0.0005120000000000055,-0.04,0.04
-0.00048000000000000126,0.0,0.008
-0.00044800000000000395,0.0,0.048
-0.0004159999999999997,0.0,0.056
-0.0003840000000000024,-0.04,0.0
-0.0003520000000000051,0.0,0.04
-0.00032000000000000084,0.0,0.056
-0.00028800000000000353,-0.04,0.016
-0.0002559999999999993,0.0,0.016
-0.00022400000000000198,-0.04,0.04
-0.00019200000000000467,-0.04,0.008
-0.00016000000000000042,-0.04,0.032
-0.0001280000000000031,-0.04,0.04
-9.599999999999886e-05,0.0,0.0
-6.400000000000156e-05,0.0,0.016
-3.200000000000425e-05,0.0,0.032
0.0,3.04,0.016
3.199999999999731e-05,3.12,0.0
6.399999999999462e-05,3.16,0.04
9.599999999999886e-05,3.2,0.024
0.00012799999999999617,3.2,0.032
0.00016000000000000042,3.2,0.016
0.00019199999999999773,3.2,-0.008
0.00022399999999999504,3.24,0.04
0.0002559999999999993,3.24,0.032
0.0002879999999999966,3.24,0.016
0.00032000000000000084,3.24,-0.008
0.00035199999999999815,3.24,0.056
0.00038399999999999546,3.24,0.024
0.0004159999999999997,3.24,0.016
0.000447999999999997,3.24,0.024
0.00048000000000000126,3.24,0.008
0.0005119999999999986,3.24,0.024
0.0005439999999999959,3.24,0.064
0.0005760000000000001,3.24,0.056
0.0006079999999999974,3.24,0.07200000000000001
0.0006399999999999947,3.24,0.16
0.000671999999999999,3.2,0.136
0.0007039999999999963,3.2,0.152
0.0007360000000000005,3.24,0.224
0.0007679999999999979,3.24,0.24
0.0007999999999999952,3.2,0.232
0.0008319999999999994,3.24,0.28800000000000003
0.0008639999999999967,3.24,0.272
0.000896000000000001,3.24,0.32
0.0009279999999999983,3.24,0.4
0.0009599999999999956,3.24,0.384
0.0009919999999999998,3.24,0.4
0.0010239999999999971,3.2,0.456
0.0010559999999999944,3.24,0.488
0.0010879999999999987,3.2800000000000002,0.48
0.001119999999999996,3.24,0.52
0.0011520000000000002,3.24,0.544
0.0011839999999999976,3.2,0.5680000000000001
0.0012159999999999949,3.2800000000000002,0.632
0.0012479999999999991,3.24,0.624
0.0012799999999999964,3.2800000000000002,0.632
0.0013120000000000007,3.2,0.6960000000000001
0.001343999999999998,3.24,0.744
0.0013759999999999953,3.24,0.704
0.0014079999999999995,3.24,0.744
0.0014399999999999968,3.2,0.784
0.001472000000000001,3.2,0.784
0.0015039999999999984,3.2,0.8320000000000001
0.0015359999999999957,3.24,0.848
0.001568,3.2800000000000002,0.856
0.0015999999999999973,3.2,0.92
0.0016319999999999946,3.24,0.9520000000000001
0.0016639999999999988,3.2,0.904
0.0016959999999999961,3.24,0.984
0.0017280000000000004,3.24,1.008
0.0017599999999999977,3.2,1.008
0.001791999999999995,3.2,1.016
0.0018239999999999992,3.24,1.016
0.0018559999999999965,3.24,1.016
0.0018880000000000008,3.24,1.016
0.001919999999999998,3.2,1.016
0.0019519999999999954,3.24,1.016
0.0019839999999999997,3.24,1.016
0.002015999999999997,3.24,1.016
0.002048000000000001,3.24,1.016
0.0020799999999999985,3.2,1.016
0.002111999999999996,3.24,1.016
0.002144,3.2,1.016
0.0021759999999999974,3.24,1.016
0.0022079999999999947,3.24,1.016
0.002239999999999999,3.24,1.016
0.0022719999999999962,3.2,1.016
0.0023040000000000005,3.24,1.016
0.002335999999999998,3.24,1.016
0.002367999999999995,3.24,1.016
0.0023999999999999994,3.2,1.016
0.0024319999999999967,3.24,1.016
0.002464000000000001,3.24,1.016
0.0024959999999999982,3.24,1.016
0.0025279999999999955,3.24,1.016
0.0025599999999999998,3.24,1.016
0.002591999999999997,3.24,1.016
0.0026239999999999944,3.24,1.016
0.0026559999999999986,3.2800000000000002,1.016
0.002687999999999996,3.2,1.016
0.00272,3.24,1.016
0.0027519999999999975,3.2,1.016
0.002783999999999995,3.24,1.016
0.002815999999999999,3.24,1.016
0.0028479999999999964,3.24,1.016
0.0028800000000000006,3.24,1.016
0.002911999999999998,3.24,1.016
0.0029439999999999952,3.2,1.016
0.0029759999999999995,3.24,1.016
0.003007999999999997,3.24,1.016
0.003040000000000001,3.2,1.016
0.0030719999999999983,3.24,1.016
0.0031039999999999957,3.24,1.016
0.003136,3.24,1.016
0.003167999999999997,3.24,1.016
0.0031999999999999945,3.24,1.016
0.0032319999999999988,3.24,1.016
0.003263999999999996,3.2,1.016
0.0032960000000000003,3.24,1.016
0.0033279999999999976,3.24,1.016
0.003359999999999995,3.24,1.016
0.003391999999999999,3.24,1.016
0.0034239999999999965,3.24,1.016
0.0034560000000000007,3.24,1.016
0.003487999999999998,3.24,1.016
0.0035199999999999954,3.2,1.016
0.0035519999999999996,3.24,1.016
0.003583999999999997,3.24,1.016
0.003616000000000001,3.24,1.016
0.0036479999999999985,3.2,1.016
0.0036799999999999958,3.2,1.016
0.003712,3.2,1.016
0.0037439999999999973,3.24,1.016
0.0037759999999999946,3.2,1.016
0.003807999999999999,3.2,1.016
0.003839999999999996,3.2,1.016
0.0038720000000000004,3.24,1.016
0.0039039999999999977,3.24,1.016
0.003935999999999995,3.24,1.016
0.003967999999999999,3.2,1.016
0.003999999999999997,3.2,1.016
0.004032000000000001,3.24,1.016
0.004063999999999998,3.2,1.016
0.0040959999999999955,3.24,1.016
0.004128,3.2,1.016
0.004159999999999997,3.24,1.016
0.004191999999999994,3.24,1.016
0.004223999999999999,3.24,1.016
0.004255999999999996,3.2,1.016
0.004288,3.2,1.016
0.0043199999999999975,3.24,1.016
0.004351999999999995,3.24,1.016
0.004383999999999999,3.24,1.016
0.004415999999999996,3.24,1.016
0.0044480000000000006,3.2,1.016
0.004479999999999998,3.2,1.016
0.004511999999999995,3.24,1.016
0.004543999999999999,3.24,1.016
0.004575999999999997,3.24,1.016
0.004608000000000001,3.24,1.016
0.004639999999999998,3.24,1.016
0.004671999999999996,3.24,1.016
0.004704,3.2800000000000002,1.016
0.004735999999999997,3.2,1.016
0.0047679999999999945,3.24,1.016
0.004799999999999999,3.2,1.016
0.004831999999999996,3.24,1.016
0.004864,3.24,1.016
0.004895999999999998,3.2,1.016
0.004927999999999995,3.24,1.016
0.004959999999999999,3.2,1.016
0.0049919999999999964,3.24,1.016
0.005024000000000001,3.2,1.016
0.005055999999999998,3.2,1.016
0.005087999999999995,3.24,1.016
0.0051199999999999996,3.24,1.016
0.005151999999999997,3.24,1.016
0.005184000000000001,3.24,1.016
0.005215999999999998,3.2,1.016
0.005247999999999996,3.2,1.016
0.00528,3.24,1.016
0.005311999999999997,3.24,1.016
0.005343999999999995,3.24,1.016
0.005375999999999999,3.24,1.016
0.005407999999999996,3.2,1.016
0.00544,3.2,1.016
0.005471999999999998,3.24,1.016
0.005503999999999995,3.24,1.016
0.005535999999999999,3.2,1.016
0.0055679999999999966,3.24,1.016
0.005600000000000001,3.2,1.016
0.005631999999999998,3.24,1.016
0.005663999999999995,3.24,1.016
0.005696,3.24,1.016
0.005727999999999997,3.24,1.016
0.005759999999999994,3.24,1.016
0.0057919999999999985,3.24,1.016
0.005823999999999996,3.24,1.016
0.005856,3.24,1.016
0.005887999999999997,3.2,1.016
0.005919999999999995,3.2800000000000002,1.016
0.005951999999999999,3.24,1.016
0.005983999999999996,3.24,1.016
0.0060160000000000005,3.24,1.016
0.006047999999999998,3.2,1.016
0.006079999999999995,3.24,1.008
0.006111999999999999,3.2,1.016
0.006143999999999997,3.24,1.016
0.006176000000000001,3.2,1.0
0.006207999999999998,3.24,1.016
0.0062399999999999956,3.2,1.016
0.006272,3.24,1.016
0.006303999999999997,3.2,1.016
0.006335999999999994,3.2,1.0
0.006367999999999999,3.24,1.008
0.006399999999999996,3.2,1.008
0.006432,3.24,1.008
0.0064639999999999975,3.24,1.0
0.006495999999999995,3.24,1.016
0.006527999999999999,3.2,1.016
0.006559999999999996,3.2,1.016
0.006592000000000001,3.2,1.016
0.006623999999999998,3.2800000000000002,1.0
0.006655999999999995,3.24,1.016
0.0066879999999999995,3.2,1.008
0.006719999999999997,3.24,1.008
0.006751999999999994,3.24,1.008
0.006783999999999998,3.2,1.008
0.006815999999999996,3.24,1.008
0.006848,3.24,0.992
0.006879999999999997,3.2,1.008
0.0069119999999999945,3.24,1.0
0.006943999999999999,3.24,1.008
0.006975999999999996,3.24,1.016
0.007008,3.2,1.0
0.007039999999999998,3.2,1.0
0.007071999999999995,3.24,1.016
0.007103999999999999,3.2800000000000002,1.008
0.0071359999999999965,3.24,0.984
0.007168000000000001,3.24,1.008
0.007199999999999998,3.2,1.008
0.007231999999999995,3.2800000000000002,0.976
0.007264,3.2,1.016
0.007295999999999997,3.2800000000000002,1.0
0.007327999999999994,3.24,0.992
0.0073599999999999985,3.24,1.016
0.007391999999999996,3.24,0.992
0.007424,3.24,0.968
0.007455999999999997,3.24,1.016
0.007487999999999995,3.24,1.016
0.007519999999999999,3.24,0.968
0.007551999999999996,3.2,0.992
0.0075840000000000005,3.24,1.0
0.007615999999999998,3.2,0.992
0.007647999999999995,3.24,1.0
0.007679999999999999,3.2,0.984
0.007711999999999997,3.24,0.968
0.007744000000000001,3.24,1.008
0.007775999999999998,3.24,1.016
0.0078079999999999955,3.24,0.96
0.00784,3.24,0.976
0.007871999999999997,3.2,0.968
0.007903999999999994,3.24,0.936
0.007935999999999999,3.24,0.96
0.007967999999999996,3.24,0.968
0.008,3.2,0.968
0.008031999999999997,3.2,1.0
0.008063999999999995,3.2,0.984
0.008095999999999999,3.2,0.9440000000000001
0.008127999999999996,3.24,0.984
0.00816,3.2,0.984
0.008191999999999998,3.24,0.9520000000000001
0.008223999999999995,3.24,0.936
0.008256,3.2,0.976
0.008287999999999997,3.24,0.976
0.008319999999999994,3.2,0.96
0.008351999999999998,3.24,0.968
0.008383999999999996,3.24,0.928
0.008416,3.24,0.9520000000000001
0.008447999999999997,3.24,0.968
0.008479999999999994,3.2,0.928
0.008511999999999999,3.2800000000000002,0.92
0.008543999999999996,3.24,0.976
0.008576,3.2,0.936
0.008607999999999998,3.2,0.9520000000000001
0.008639999999999995,3.24,0.9520000000000001
0.008672,3.24,0.928
0.008703999999999996,3.24,0.936
0.008736,3.24,0.968
0.008767999999999998,3.24,0.928
0.008799999999999995,3.24,0.92
0.008832,3.2,0.976
0.008863999999999997,3.2,0.936
0.008895999999999994,3.2,0.928
0.008927999999999998,3.24,0.9520000000000001
0.008959999999999996,3.24,0.9440000000000001
0.008992,3.24,0.928
0.009023999999999997,3.2,0.9440000000000001
0.009055999999999995,3.24,0.9520000000000001
0.009087999999999999,3.2,0.928
0.009119999999999996,3.2,0.976
0.009152,3.24,0.936
0.009183999999999998,3.24,0.912
0.009215999999999995,3.24,0.96
0.009248,3.2800000000000002,0.9520000000000001
0.009279999999999997,3.2,0.92
0.009312,3.2,0.936
0.009343999999999998,3.2,0.936
0.009375999999999995,3.24,0.92
0.009408,3.2,0.9440000000000001
0.009439999999999997,3.24,0.936
0.009471999999999994,3.24,0.904
0.009503999999999999,3.24,0.9520000000000001
0.009535999999999996,3.24,0.96
0.009568,3.24,0.904
0.009599999999999997,3.24,0.928
0.009631999999999995,3.24,0.936
0.009663999999999999,3.2,0.92
0.009695999999999996,3.24,0.936
0.009728,3.24,0.936
0.009759999999999998,3.24,0.912
0.009791999999999995,3.24,0.936
0.009824,3.2,0.9520000000000001
0.009855999999999997,3.2,0.912
0.009887999999999994,3.2,0.912
0.009919999999999998,3.24,0.928
0.009951999999999996,3.2,0.896
0.009984,3.2,0.92
0.010015999999999997,3.24,0.92
0.010047999999999994,3.24,0.896
0.010079999999999999,3.24,0.92
0.010111999999999996,3.2,0.928
0.010144,3.24,0.888
0.010175999999999998,3.24,0.92
0.010207999999999995,3.2,0.912
0.010239999999999999,3.24,0.896
0.010271999999999996,3.24,0.888
0.010304,3.2,0.904
0.010335999999999998,3.24,0.904
0.010367999999999995,3.2,0.896
0.0104,3.24,0.896
0.010431999999999997,3.2,0.848
0.010463999999999994,3.24,0.904
0.010495999999999998,3.2,0.912
0.010527999999999996,3.24,0.864
0.01056,3.2800000000000002,0.872
0.010591999999999997,3.2,0.904
0.010623999999999995,3.24,0.888
0.010655999999999999,3.2,0.864
0.010687999999999996,3.2,0.888
0.01072,3.24,0.864
0.010751999999999998,3.24,0.88
0.010783999999999995,3.24,0.904
0.010816,3.24,0.88
0.010847999999999997,3.24,0.856
0.01088,3.24,0.912
0.010911999999999998,3.24,0.888
0.010943999999999995,3.24,0.872
0.010976,3.24,0.888
0.011007999999999997,3.24,0.872
0.011039999999999994,3.24,0.864
0.011071999999999999,3.2,0.904
0.011103999999999996,3.24,0.88
0.011136,3.24,0.848
0.011167999999999997,3.24,0.928
0.011199999999999995,3.2,0.872
0.011231999999999999,3.24,0.856
0.011263999999999996,3.24,0.888
0.011296,3.24,0.896
0.011327999999999998,3.24,0.856
0.011359999999999995,3.24,0.888
0.011392,3.2,0.872
0.011423999999999997,3.24,0.864
0.011455999999999994,3.2,0.896
0.011487999999999998,3.24,0.864
0.011519999999999996,3.24,0.856
0.011552,3.24,0.888
0.011583999999999997,3.24,0.904
0.011615999999999994,3.24,0.8320000000000001
0.011647999999999999,3.24,0.872
0.011679999999999996,3.24,0.864
0.011712,3.24,0.864
0.011743999999999997,3.24,0.88
0.011775999999999995,3.24,0.856
0.011807999999999999,3.24,0.84
0.011839999999999996,3.24,0.88
0.011872,3.2,0.904
0.011903999999999998,3.24,0.8320000000000001
0.011935999999999995,3.24,0.864
0.011968,3.24,0.872
0.011999999999999997,3.2,0.848
0.012031999999999994,3.2,0.848
0.012063999999999998,3.24,0.856
0.012095999999999996,3.16,0.8160000000000001
0.012128,3.24,0.864
0.012159999999999997,3.2,0.856
0.012191999999999995,3.24,0.8160000000000001
0.012223999999999999,3.24,0.848
0.012255999999999996,3.24,0.864
0.012288,3.24,0.8240000000000001
0.012319999999999998,3.24,0.8240000000000001
0.012351999999999995,3.24,0.848
0.012384,3.2,0.8320000000000001
0.012415999999999996,3.2,0.848
0.012448,3.24,0.848
0.012479999999999998,3.24,0.808
0.012511999999999995,3.2,0.8240000000000001
0.012544,3.24,0.848
0.012575999999999997,3.2,0.8160000000000001
0.012607999999999994,3.24,0.8
0.012639999999999998,3.2,0.848
0.012671999999999996,3.24,0.84
0.012704,3.24,0.8160000000000001
0.012735999999999997,3.2,0.84
0.012767999999999995,3.24,0.8
0.012799999999999999,3.24,0.8320000000000001
0.012831999999999996,3.24,0.8320000000000001
0.012864,3.2,0.8240000000000001
0.012895999999999998,3.2,0.792
0.012927999999999995,3.24,0.856
0.01296,3.24,0.8320000000000001
0.012991999999999997,3.24,0.8
0.013023999999999994,3.24,0.84
0.013055999999999998,3.24,0.8240000000000001
0.013087999999999995,3.24,0.8320000000000001
0.01312,3.24,0.84
0.013151999999999997,3.24,0.8160000000000001
0.013183999999999994,3.24,0.792
0.013215999999999999,3.24,0.856
0.013247999999999996,3.2,0.8160000000000001
0.01328,3.24,0.8
0.013311999999999997,3.24,0.8320000000000001
0.013343999999999995,3.24,0.8320000000000001
0.013375999999999999,3.24,0.8
0.013407999999999996,3.2,0.8240000000000001
0.01344,3.2,0.808
0.013471999999999998,3.24,0.808
0.013503999999999995,3.24,0.848
0.013536,3.24,0.808
0.013567999999999997,3.24,0.784
0.013599999999999994,3.2,0.8320000000000001
0.013631999999999998,3.24,0.856
0.013663999999999996,3.24,0.784
0.013696,3.24,0.808
0.013727999999999997,3.24,0.808
0.013759999999999994,3.2,0.784
0.013791999999999999,3.24,0.856
0.013823999999999996,3.24,0.8
0.013856,3.24,0.792
0.013887999999999998,3.2,0.8320000000000001
0.013919999999999995,3.2,0.84
0.013951999999999999,3.24,0.776
0.013983999999999996,3.24,0.8
0.014016,3.2,0.8
0.014047999999999998,3.24,0.784
0.014079999999999995,3.16,0.8
0.014112,3.24,0.808
0.014143999999999997,3.2,0.784
0.014175999999999994,3.24,0.8160000000000001
0.014207999999999998,3.24,0.808
0.014239999999999996,3.24,0.752
0.014272,3.24,0.792
0.014303999999999997,3.2,0.8
0.014335999999999995,3.24,0.768
0.014367999999999999,3.24,0.76
0.014399999999999996,3.24,0.8
0.014432,3.24,0.768
0.014463999999999998,3.24,0.784
0.014495999999999995,3.24,0.792
0.014528,3.2,0.752
0.014559999999999997,3.24,0.784
0.014591999999999994,3.24,0.808
0.014623999999999998,3.2,0.768
0.014655999999999995,3.2,0.744
0.014688,3.2,0.808
0.014719999999999997,3.24,0.792
0.014751999999999994,3.2,0.768
0.014783999999999999,3.24,0.784
0.014815999999999996,3.2,0.744
0.014848,3.2,0.776
0.014879999999999997,3.24,0.784
0.014911999999999995,3.16,0.768
0.014943999999999999,3.2800000000000002,0.728
0.014975999999999996,3.2,0.808
0.015008,3.24,0.768
0.015039999999999998,3.24,0.76
0.015071999999999995,3.24,0.784
0.015104,3.24,0.768
0.015135999999999997,3.24,0.76
0.015167999999999994,3.2,0.784
0.015199999999999998,3.24,0.76
0.015231999999999996,3.24,0.744
0.015264,3.24,0.8
0.015295999999999997,3.24,0.768
0.015327999999999994,3.24,0.752
0.015359999999999999,3.24,0.768
0.015391999999999996,3.24,0.784
0.015424,3.2,0.76
0.015455999999999998,3.24,0.776
0.015487999999999995,3.24,0.76
0.015519999999999999,3.2,0.776
0.015551999999999996,3.24,0.8
0.015584,3.2,0.768
0.015615999999999998,3.24,0.736
0.015647999999999995,3.24,0.784
0.01568,3.24,0.808
0.015711999999999997,3.24,0.744
0.015743999999999994,3.24,0.768
0.015776,3.24,0.768
0.015807999999999996,3.24,0.752
0.01584,3.24,0.784
0.015871999999999997,3.24,0.768
0.015903999999999995,3.24,0.752
0.015936,3.2,0.776
0.015967999999999996,3.24,0.792
0.016,3.24,0.736
0.016031999999999998,3.24,0.752
0.016063999999999995,3.24,0.768
0.016096,3.2,0.744
0.016127999999999997,3.24,0.76
0.016159999999999994,3.24,0.752
0.016191999999999998,3.2,0.728
0.016223999999999995,3.2,0.768
0.016256,3.24,0.768
0.016287999999999997,3.24,0.712
0.016319999999999994,3.24,0.736
0.016352,3.24,0.76
0.016383999999999996,3.2,0.712
0.016416,3.2,0.712
0.016447999999999997,3.24,0.744
0.016479999999999995,3.24,0.728
0.016512,3.24,0.76
0.016543999999999996,3.2,0.752
0.016576,3.2800000000000002,0.704
0.016607999999999998,3.24,0.752
0.016639999999999995,3.2,0.76
0.016672,3.2,0.72
0.016703999999999997,3.24,0.6880000000000001
0.016735999999999994,3.2,0.752
0.016767999999999998,3.24,0.712
0.016799999999999995,3.24,0.72
0.016832,3.16,0.728
0.016863999999999997,3.2,0.704
0.016895999999999994,3.2,0.736
0.016928,3.24,0.744
0.016959999999999996,3.24,0.712
0.016992,3.2,0.704
0.017023999999999997,3.24,0.76
0.017055999999999995,3.2,0.72
0.017088,3.2,0.712
0.017119999999999996,3.24,0.72
0.017152,3.24,0.712
0.017183999999999998,3.2,0.72
0.017215999999999995,3.24,0.736
0.017248,3.2,0.6960000000000001
0.017279999999999997,3.24,0.6960000000000001
0.017311999999999994,3.24,0.768
0.017344,3.2,0.704
0.017375999999999996,3.2,0.6960000000000001
0.017408,3.24,0.728
0.017439999999999997,3.2800000000000002,0.72
0.017471999999999994,3.24,0.712
0.017504,3.24,0.72
0.017535999999999996,3.24,0.712
0.017568,3.24,0.704
0.017599999999999998,3.24,0.76
0.017631999999999995,3.24,0.704
0.017664,3.24,0.6960000000000001
0.017695999999999996,3.2800000000000002,0.736
0.017727999999999994,3.24,0.736
0.017759999999999998,3.24,0.704
0.017791999999999995,3.24,0.728
0.017824,3.24,0.736
0.017855999999999997,3.24,0.712
0.017887999999999994,3.24,0.728
0.01792,3.2,0.6960000000000001
0.017951999999999996,3.24,0.6960000000000001
0.017984,3.24,0.728
0.018015999999999997,3.2,0.744
0.018047999999999995,3.24,0.672
0.01808,3.24,0.704
0.018111999999999996,3.24,0.712
0.018144,3.24,0.6880000000000001
0.018175999999999998,3.2,0.68
0.018207999999999995,3.24,0.6960000000000001
0.01824,3.24,0.6960000000000001
0.018271999999999997,3.24,0.6960000000000001
0.018303999999999994,3.24,0.728
0.018335999999999998,3.2800000000000002,0.664
0.018367999999999995,3.24,0.704
0.0184,3.24,0.728
0.018431999999999997,3.24,0.6880000000000001
0.018463999999999994,3.24,0.672
0.018496,3.2800000000000002,0.704
0.018527999999999996,3.2,0.6960000000000001
0.01856,3.24,0.704
0.018591999999999997,3.2,0.704
0.018623999999999995,3.2,0.664
0.018656,3.24,0.704
0.018687999999999996,3.2,0.712
0.018719999999999994,3.24,0.68
0.018751999999999998,3.2,0.64
0.018783999999999995,3.24,0.704
0.018816,3.2,0.6880000000000001
0.018847999999999997,3.2,0.6880000000000001
0.018879999999999994,3.24,0.6880000000000001
0.018911999999999998,3.24,0.656
0.018943999999999996,3.24,0.6960000000000001
0.018976,3.16,0.6880000000000001
0.019007999999999997,3.24,0.664
0.019039999999999994,3.2,0.664
0.019072,3.24,0.704
0.019103999999999996,3.24,0.6880000000000001
0.019136,3.24,0.664
0.019167999999999998,3.2,0.68
0.019199999999999995,3.24,0.656
0.019232,3.2800000000000002,0.68
0.019263999999999996,3.24,0.6880000000000001
0.019295999999999994,3.24,0.664
0.019327999999999998,3.24,0.68
0.019359999999999995,3.24,0.712
0.019392,3.24,0.672
0.019423999999999997,3.24,0.664
0.019455999999999994,3.24,0.6880000000000001
0.019488,3.24,0.6880000000000001
0.019519999999999996,3.2,0.656
0.019552,3.2,0.6880000000000001
0.019583999999999997,3.24,0.68
0.019615999999999995,3.2,0.672
0.019648,3.24,0.72
0.019679999999999996,3.24,0.6880000000000001
0.019712,3.2,0.656
0.019743999999999998,3.24,0.6960000000000001
0.019775999999999995,3.24,0.6960000000000001
0.019808,3.24,0.648
0.019839999999999997,3.24,0.672
0.019871999999999994,3.24,0.672
0.019903999999999998,3.24,0.656
0.019935999999999995,3.24,0.6880000000000001
0.019968,3.24,0.68
0.019999999999999997,3.24,0.656
0.020031999999999994,3.24,0.6880000000000001
0.020064,3.24,0.704
0.020095999999999996,3.2,0.648
0.020128,3.24,0.672
0.020159999999999997,3.24,0.68
0.020191999999999995,3.2,0.664
0.020224,3.24,0.68
0.020255999999999996,3.24,0.664
0.020287999999999994,3.2800000000000002,0.648
0.020319999999999998,3.2,0.664
0.020351999999999995,3.2,0.6880000000000001
0.020384,3.2800000000000002,0.64
0.020415999999999997,3.2,0.664
0.020447999999999994,3.24,0.672
0.020479999999999998,3.24,0.632
0.020511999999999996,3.24,0.64
0.020544,3.2,0.664
0.020575999999999997,3.24,0.656
0.020607999999999994,3.2,0.664
0.02064,3.24,0.656
0.020671999999999996,3.2,0.624
0.020704,3.24,0.664
0.020735999999999997,3.24,0.672
0.020767999999999995,3.2,0.632
0.0208,3.24,0.632
0.020831999999999996,3.24,0.664
0.020863999999999994,3.24,0.648
0.020895999999999998,3.24,0.64
0.020927999999999995,3.24,0.656
0.02096,3.2,0.616
0.020991999999999997,3.24,0.656
0.021023999999999994,3.24,0.656
0.021056,3.24,0.624
0.021087999999999996,3.24,0.616
0.02112,3.24,0.672
0.021151999999999997,3.24,0.648
0.021183999999999995,3.24,0.624
0.021216,3.24,0.648
0.021247999999999996,3.24,0.624
0.02128,3.24,0.624
0.021311999999999998,3.24,0.656
0.021343999999999995,3.24,0.624
0.021376,3.2800000000000002,0.624
0.021407999999999996,3.24,0.6880000000000001
0.021439999999999994,3.2800000000000002,0.624
0.021471999999999998,3.2,0.616
0.021503999999999995,3.24,0.648
0.021536,3.24,0.648
0.021567999999999997,3.24,0.624
0.021599999999999994,3.24,0.648
0.021632,3.24,0.64
0.021663999999999996,3.24,0.624
0.021696,3.24,0.664
0.021727999999999997,3.24,0.64
0.021759999999999995,3.24,0.616
0.021792,3.2,0.656
0.021823999999999996,3.24,0.672
0.021855999999999993,3.24,0.616
0.021887999999999998,3.24,0.648
0.021919999999999995,3.24,0.64
0.021952,3.2,0.624
0.021983999999999997,3.2,0.648
0.022015999999999994,3.2,0.616
0.022047999999999998,3.2,0.616
0.022079999999999995,3.24,0.656
0.022112,3.24,0.664
0.022143999999999997,3.24,0.608
0.022175999999999994,3.24,0.624
0.022208,3.24,0.64
0.022239999999999996,3.2,0.616
0.022272,3.24,0.632
0.022303999999999997,3.24,0.64
0.022335999999999995,3.2,0.608
0.022368,3.24,0.624
0.022399999999999996,3.24,0.656
0.022431999999999994,3.24,0.6
0.022463999999999998,3.2,0.632
0.022495999999999995,3.24,0.632
0.022528,3.24,0.608
0.022559999999999997,3.24,0.616
0.022591999999999994,3.24,0.624
0.022624,3.24,0.608
0.022655999999999996,3.24,0.632
0.022688,3.2,0.624
0.022719999999999997,3.2,0.5760000000000001
0.022751999999999994,3.2,0.624
0.022784,3.24,0.624
0.022815999999999996,3.24,0.6
0.022848,3.24,0.5760000000000001
0.022879999999999998,3.24,0.616
0.022911999999999995,3.2800000000000002,0.608
0.022944,3.24,0.608
0.022975999999999996,3.24,0.608
0.023007999999999994,3.24,0.5760000000000001
0.023039999999999998,3.24,0.624
0.023071999999999995,3.2,0.616
0.023104,3.24,0.584
0.023135999999999997,3.24,0.592
0.023167999999999994,3.2,0.632
0.0232,3.24,0.6
0.023231999999999996,3.2,0.584
0.023264,3.24,0.6
0.023295999999999997,3.2,0.584
0.023327999999999995,3.24,0.608
0.02336,3.24,0.6
0.023391999999999996,3.24,0.592
0.023423999999999993,3.24,0.5760000000000001
0.023455999999999998,3.24,0.632
0.023487999999999995,3.24,0.6
0.02352,3.24,0.584
0.023551999999999997,3.24,0.624
0.023583999999999994,3.24,0.6
0.023615999999999998,3.2,0.592
0.023647999999999995,3.24,0.6
0.02368,3.2,0.6
0.023711999999999997,3.24,0.5760000000000001
0.023743999999999994,3.24,0.632
0.023776,3.2,0.6
0.023807999999999996,3.2,0.5760000000000001
0.02384,3.2800000000000002,0.6
0.023871999999999997,3.24,0.624
0.023903999999999995,3.24,0.56
0.023936,3.24,0.616
0.023967999999999996,3.24,0.584
0.023999999999999994,3.24,0.584
0.024031999999999998,3.24,0.616
0.024063999999999995,3.24,0.592
0.024096,3.24,0.5680000000000001
0.024127999999999997,3.24,0.6
0.024159999999999994,3.24,0.64
0.024191999999999998,3.24,0.5680000000000001
0.024223999999999996,3.24,0.608
0.024256,3.24,0.6
0.024287999999999997,3.2,0.5760000000000001
0.024319999999999994,3.24,0.6
0.024352,3.24,0.584
0.024383999999999996,3.2,0.584
0.024416,3.24,0.608
0.024447999999999998,3.2,0.616
0.024479999999999995,3.24,0.56
0.024512,3.24,0.592
0.024543999999999996,3.2,0.592
0.024575999999999994,3.24,0.5760000000000001
0.024607999999999998,3.24,0.56
0.024639999999999995,3.24,0.584
0.024672,3.2,0.5760000000000001
0.024703999999999997,3.24,0.6
0.024735999999999994,3.24,0.584
0.024768,3.24,0.544
0.024799999999999996,3.16,0.5680000000000001
0.024832,3.2,0.584
0.024863999999999997,3.2,0.56
0.024895999999999995,3.2,0.552
0.024928,3.24,0.592
0.024959999999999996,3.24,0.56
0.024991999999999993,3.24,0.5760000000000001
0.025023999999999998,3.2,0.5760000000000001
0.025055999999999995,3.2,0.536
0.025088,3.24,0.56
0.025119999999999996,3.24,0.584
0.025151999999999994,3.24,0.544
0.025183999999999998,3.2800000000000002,0.528
0.025215999999999995,3.24,0.6
0.025248,3.2,0.5680000000000001
0.025279999999999997,3.2,0.552
0.025311999999999994,3.24,0.56
0.025344,3.24,0.552
0.025375999999999996,3.24,0.56
0.025408,3.24,0.5760000000000001
0.025439999999999997,3.2,0.56
0.025471999999999995,3.24,0.536
0.025504,3.24,0.592
0.025535999999999996,3.24,0.552
0.025567999999999994,3.24,0.552
0.025599999999999998,3.24,0.56
0.025631999999999995,3.24,0.56
0.025664,3.2,0.552
0.025695999999999997,3.24,0.5680000000000001
0.025727999999999994,3.24,0.544
0.025759999999999998,3.2,0.544
0.025791999999999995,3.24,0.608
0.025824,3.24,0.544
0.025855999999999997,3.24,0.536
0.025887999999999994,3.24,0.5680000000000001
0.02592,3.24,0.584
0.025951999999999996,3.24,0.536
0.025984,3.24,0.5680000000000001
0.026015999999999997,3.2,0.544
0.026047999999999995,3.2,0.544
0.02608,3.24,0.5760000000000001
0.026111999999999996,3.2,0.552
0.026143999999999994,3.24,0.536
0.026175999999999998,3.24,0.5680000000000001
0.026207999999999995,3.2,0.584
0.02624,3.24,0.536
0.026271999999999997,3.24,0.56
0.026303999999999994,3.24,0.552
0.026336,3.2,0.552
0.026367999999999996,3.2,0.592
0.0264,3.2,0.552
0.026431999999999997,3.2,0.528
0.026463999999999994,3.2,0.5680000000000001
0.026496,3.2,0.5760000000000001
0.026527999999999996,3.2,0.512
0.026559999999999993,3.24,0.56
0.026591999999999998,3.24,0.56
0.026623999999999995,3.2,0.536
0.026656,3.24,0.536
0.026687999999999996,3.24,0.552
0.026719999999999994,3.24,0.528
0.026751999999999998,3.24,0.552
0.026783999999999995,3.2,0.56
0.026816,3.2,0.488
0.026847999999999997,3.24,0.536
0.026879999999999994,3.24,0.56
0.026912,3.2,0.52
0.026943999999999996,3.24,0.488
0.026976,3.24,0.552
0.027007999999999997,3.24,0.52
0.027039999999999995,3.16,0.528
0.027072,3.2,0.536
0.027103999999999996,3.2,0.496
0.027135999999999993,3.24,0.536
0.027167999999999998,3.2,0.56
0.027199999999999995,3.24,0.512
0.027232,3.24,0.496
0.027263999999999997,3.24,0.56
0.027295999999999994,3.2800000000000002,0.52
0.027327999999999998,3.24,0.52
0.027359999999999995,3.24,0.528
0.027392,3.24,0.512
0.027423999999999997,3.24,0.52
0.027455999999999994,3.24,0.544
0.027488,3.2,0.52
0.027519999999999996,3.24,0.48
0.027552,3.2,0.5680000000000001
0.027583999999999997,3.2,0.528
0.027615999999999995,3.24,0.504
0.027648,3.24,0.528
0.027679999999999996,3.24,0.52
0.027711999999999994,3.24,0.512
0.027743999999999998,3.2,0.544
0.027775999999999995,3.24,0.52
0.027808,3.2,0.52
0.027839999999999997,3.24,0.5680000000000001
0.027871999999999994,3.24,0.52
0.027903999999999998,3.24,0.504
0.027935999999999996,3.24,0.528
0.027968,3.24,0.552
0.027999999999999997,3.24,0.52
0.028031999999999994,3.24,0.536
0.028064,3.2800000000000002,0.528
0.028095999999999996,3.2,0.52
0.028127999999999993,3.2,0.56
0.028159999999999998,3.24,0.52
0.028191999999999995,3.2,0.496
0.028224,3.2,0.536
0.028255999999999996,3.2,0.56
0.028287999999999994,3.24,0.504
0.028319999999999998,3.2,0.52
0.028351999999999995,3.24,0.52
0.028384,3.24,0.512
0.028415999999999997,3.2,0.536
0.028447999999999994,3.2,0.52
0.02848,3.24,0.512
0.028511999999999996,3.24,0.544
0.028544,3.2,0.544
0.028575999999999997,3.24,0.496
0.028607999999999995,3.24,0.52
0.02864,3.24,0.52
0.028671999999999996,3.24,0.504
0.028703999999999993,3.2,0.512
0.028735999999999998,3.24,0.52
0.028767999999999995,3.24,0.504
0.0288,3.24,0.52
0.028831999999999997,3.24,0.528
0.028863999999999994,3.2,0.47200000000000003
0.028895999999999998,3.24,0.52
0.028927999999999995,3.2,0.536
0.02896,3.2,0.488
0.028991999999999997,3.24,0.48
0.029023999999999994,3.24,0.512
0.029056,3.24,0.504
0.029087999999999996,3.24,0.496
0.029119999999999993,3.24,0.504
0.029151999999999997,3.2,0.47200000000000003
0.029183999999999995,3.24,0.504
0.029216,3.2,0.52
0.029247999999999996,3.2,0.488
0.029279999999999994,3.24,0.464
0.029311999999999998,3.2,0.528
0.029343999999999995,3.24,0.512
0.029376,3.2,0.488
0.029407999999999997,3.24,0.496
0.029439999999999994,3.2,0.48
0.029471999999999998,3.24,0.504
0.029503999999999996,3.24,0.504
0.029536,3.2,0.48
0.029567999999999997,3.2800000000000002,0.48
0.029599999999999994,3.24,0.528
0.029632,3.24,0.488
0.029663999999999996,3.24,0.48
0.029695999999999993,3.24,0.504
0.029727999999999997,3.24,0.488
0.029759999999999995,3.24,0.488
0.029792,3.24,0.512
0.029823999999999996,3.24,0.47200000000000003
0.029855999999999994,3.24,0.48
0.029887999999999998,3.24,0.528
0.029919999999999995,3.24,0.48
0.029952,3.24,0.456
0.029983999999999997,3.24,0.52
0.030015999999999994,3.24,0.512
0.030048,3.24,0.47200000000000003
0.030079999999999996,3.2,0.488
0.030112,3.24,0.488
0.030143999999999997,3.2,0.48
0.030175999999999994,3.2,0.528
0.030208,3.24,0.48
0.030239999999999996,3.2800000000000002,0.48
0.030271999999999993,3.24,0.52
0.030303999999999998,3.24,0.528
0.030335999999999995,3.24,0.47200000000000003
0.030368,3.2,0.496
0.030399999999999996,3.24,0.496
0.030431999999999994,3.24,0.48
0.030463999999999998,3.24,0.496
0.030495999999999995,3.24,0.47200000000000003
0.030528,3.24,0.464
0.03055999999999999,3.2,0.504
0.030591999999999994,3.2,0.52
0.030624,3.24,0.448
0.030656000000000003,3.24,0.48
0.030687999999999993,3.24,0.504
0.030719999999999997,3.2,0.47200000000000003
0.030752,3.24,0.448
0.030783999999999992,3.24,0.504
0.030815999999999996,3.24,0.48
0.030848,3.24,0.488
0.03087999999999999,3.16,0.496
0.030911999999999995,3.2,0.456
0.030944,3.24,0.47200000000000003
0.03097599999999999,3.24,0.496
0.031007999999999994,3.24,0.464
0.031039999999999998,3.2,0.456
0.031072000000000002,3.24,0.48
0.031103999999999993,3.2800000000000002,0.47200000000000003
0.031135999999999997,3.2,0.496
0.031168,3.24,0.48
0.03119999999999999,3.2,0.448
0.031231999999999996,3.24,0.48
0.031264,3.24,0.496
0.03129599999999999,3.24,0.464
0.031327999999999995,3.24,0.424
0.03136,3.2,0.488
0.031392,3.24,0.47200000000000003
0.031423999999999994,3.24,0.464
0.031456,3.24,0.47200000000000003
0.031488,3.24,0.424
0.03151999999999999,3.24,0.47200000000000003
0.031552,3.24,0.47200000000000003
0.031584,3.24,0.448
0.03161599999999999,3.24,0.44
0.031647999999999996,3.2,0.48
0.03168,3.24,0.464
0.03171199999999999,3.24,0.448
0.031743999999999994,3.24,0.47200000000000003
0.031776,3.24,0.464
0.031808,3.24,0.448
0.03183999999999999,3.2,0.48
0.031872,3.2,0.448
0.031904,3.24,0.48
0.03193599999999999,3.24,0.504
0.031967999999999996,3.24,0.448
